2 5 20 23 


1 2 
2 4 
2 4 
3 5 
3 5 
4 7 
4 7 
5 8 
5 8 
6 10 
6 10 
7 11 
7 11 
8 13 
8 13 
9 14 
9 14 
10 16 
10 16 
11 17 
11 17 
12 19 
12 19 
13 20 
13 20 
14 22 
14 22 
15 23 
15 23 
16 25 
16 25 
17 26 
17 26 
18 28 
18 28 
19 29 
19 29 
20 31 
20 31 
21 32 
21 32 
22 34 
22 34 
23 35 
23 35 
24 37 
24 37 
25 38 
25 38 
26 40 
26 40 
27 41 
27 41 
28 43 
28 43 
29 44 
29 44 
30 46 
30 46 
31 47 
31 47 
32 49 
32 49 
33 50 
33 50 
34 52 
34 52 
35 53 
35 53 
36 55 
36 55 
37 56 
37 56 
38 58 
38 58 
39 59 
39 59 
40 61 
40 61 
41 45 46 62 
41 62 
42 64 
42 64 
